2 0.13676731793960925 0.3175 0.18072824156305506 0.34875 0.20115452930728242 0.36875 0.20959147424511546 0.37475 0.2202486678507993 0.3725 0.22246891651865008 0.37025 0.26865008880994673 0.35875 0.2895204262877442 0.34750000000000003 0.30017761989342806 0.34625 0.33037300177619894 0.336 0.33481349911190056 0.336 0.34028996447602133 0.33241675 0.36900532859680285 0.3255 0.3730017761989343 0.323 0.38010657193605685 0.32175 0.38099467140319715 0.3185 0.3765541740674956 0.311 0.35346358792184723 0.297 0.325044404973357 0.271 0.316607460035524 0.2665 0.3099467140319716 0.259 0.3032859680284192 0.25525000000000003 0.30017761989342806 0.25475000000000003 0.29706927175843695 0.2565 0.28907637655417406 0.258 0.283303730017762 0.261 0.2788632326820604 0.26175 0.2690941385435169 0.26725 0.24777975133214922 0.27275 0.2411190053285968 0.27625 0.23357015985790408 0.2775 0.22291296625222026 0.28225 0.20293072824156305 0.28750000000000003 0.19360568383658971 0.29125 0.1891651865008881 0.29125 0.18605683836589698 0.29325 0.17850799289520428 0.29425 0.15985790408525755 0.30075 0.14253996447602132 0.30375 0.1394316163410302 0.3055 0.13188277087033748 0.30725 0.1296625222024867 0.30925 0.1296625222024867 0.3115 0.13676731793960925 0.3175
2 0.5142095914742452 0.5995 0.5208703374777975 0.62725 0.5306394316163411 0.658 0.5346358792184724 0.6647500000000001 0.5395204262877442 0.66825 0.547069271758437 0.6667500000000001 0.5537300177619894 0.667 0.6096802841918295 0.66025 0.6163410301953819 0.6585 0.6372113676731794 0.65725 0.6429840142095915 0.655 0.6509769094138543 0.65475 0.6647424511545293 0.6515 0.674955595026643 0.65125 0.6896092362344582 0.6485 0.697158081705151 0.64825 0.7029307282415631 0.6465 0.7069271758436945 0.64775 0.7140319715808171 0.64775 0.7300177619893429 0.6445 0.7380106571936057 0.644 0.738898756660746 0.64025 0.7326820603907638 0.6305000000000001 0.7317939609236235 0.6235 0.7153641207815276 0.5992500000000001 0.7078152753108349 0.5640000000000001 0.7060390763765542 0.561 0.7007104795737122 0.55725 0.6922735346358793 0.557 0.5612788632326821 0.57075 0.5497335701598579 0.57325 0.5261989342806395 0.57575 0.5199822380106572 0.57775 0.5115452930728241 0.578 0.5084369449378331 0.57925 0.5071047957371225 0.582 0.5142095914742452 0.5995
2 0.7935168738898757 0.6205 0.797069271758437 0.63725 0.8001776198934281 0.643 0.7992895204262878 0.64775 0.8032859680284192 0.65425 0.8019538188277088 0.669 0.80550621669627 0.68575 0.8103907637655418 0.6880000000000001 0.822380106571936 0.6885 0.838809946714032 0.687 0.8516873889875667 0.6845 0.8601243339253997 0.68425 0.8978685612788633 0.6900000000000001 0.9196269982238011 0.69025 0.9382770870337478 0.6885 0.9431616341030196 0.6855 0.9440497335701599 0.67875 0.9387211367673179 0.6445 0.936056838365897 0.63725 0.936056838365897 0.5745 0.9289520426287745 0.57225 0.885879218472469 0.5720000000000001 0.855683836589698 0.5700000000000001 0.7979573712255773 0.56925 0.7930728241563055 0.57025 0.7908525754884548 0.57525 0.7904085257548846 0.592 0.7935168738898757 0.6205
1 0.46758436944937837 0.3105 0.47735346358792186 0.32125 0.4840142095914743 0.3245 0.48756660746003555 0.325 0.5608348134991119 0.31675000000000003 0.6354351687388988 0.31025 0.6625222024866785 0.30625 0.7850799289520427 0.29375 0.7984014209591475 0.29125 0.8179396092362345 0.29 0.844582593250444 0.28650000000000003 0.8507992895204263 0.28450000000000003 0.8632326820603908 0.28300000000000003 0.8658969804618117 0.28375 0.8774422735346359 0.28325 0.8929840142095915 0.2805 0.9014209591474246 0.27725 0.9040852575488455 0.27725 0.9063055062166963 0.2755 0.9063055062166963 0.27225 0.8765541740674956 0.24775 0.8738898756660747 0.24775 0.8676731793960923 0.245 0.8614564831261101 0.23450000000000001 0.8490230905861457 0.22375 0.8436944937833037 0.22025 0.8379218472468917 0.21925 0.8174955595026643 0.22025 0.7930728241563055 0.22575 0.7881882770870338 0.22525 0.772202486678508 0.22725 0.7628774422735347 0.2295 0.7473357015985791 0.23075 0.7264653641207816 0.234 0.7242451154529308 0.23550000000000001 0.7202486678507993 0.23525000000000001 0.7171403197158082 0.23650000000000002 0.605683836589698 0.25175000000000003 0.5759325044404974 0.25775 0.47513321492007105 0.27275 0.46447602131438726 0.27625 0.4613676731793961 0.28275 0.46092362344582594 0.29375 0.46758436944937837 0.3105
1 0.5639431616341031 0.51225 0.5710479573712256 0.519 0.5781527531083481 0.52325 0.58348134991119 0.5245 0.5896980461811723 0.5245 0.6842806394316163 0.5115000000000001 0.6993783303730018 0.5105000000000001 0.7695381882770871 0.50175 0.8938721136767318 0.48825 0.9147424511545293 0.485 0.9671403197158082 0.47950000000000004 0.9800177619893429 0.47950000000000004 0.9995559502664298 0.47500000000000003 0.9995559502664298 0.47125 0.9955595026642985 0.46950000000000003 0.9977797513321492 0.4635 0.9955595026642985 0.462 0.9933392539964476 0.452 0.9955595026642985 0.4495 0.9906749555950267 0.4395 0.9875666074600356 0.4355 0.9835701598579041 0.43425 0.9809058614564832 0.4275 0.9786856127886323 0.4275 0.9755772646536413 0.425 0.9786856127886323 0.42175 0.9649200710479574 0.401 0.9587033747779752 0.3985 0.9542628774422736 0.39825 0.9356127886323269 0.4005 0.911190053285968 0.40750000000000003 0.9009769094138543 0.40825 0.5737122557726465 0.47375 0.5634991119005329 0.47600000000000003 0.5563943161634103 0.48075 0.5559502664298401 0.494 0.5639431616341031 0.51225
1 0.7495559502664298 0.88325 0.7584369449378331 0.90125 0.774866785079929 0.91825 0.7899644760213144 0.92525 0.7975133214920072 0.92525 0.8938721136767318 0.908 0.9085257548845471 0.9067500000000001 0.9880106571936057 0.893 0.9960035523978686 0.89075 0.9995559502664298 0.88775 0.9995559502664298 0.88625 0.9964476021314388 0.885 0.9946714031971581 0.8785000000000001 0.9853463587921848 0.88125 0.9840142095914742 0.88 0.9755772646536413 0.88175 0.966696269982238 0.87675 0.9653641207815276 0.875 0.9658081705150977 0.86925 0.9631438721136768 0.86625 0.9631438721136768 0.8605 0.9595914742451155 0.8572500000000001 0.955595026642984 0.8572500000000001 0.9533747779751333 0.8502500000000001 0.9515985790408527 0.8505 0.9480461811722913 0.8482500000000001 0.9515985790408527 0.8462500000000001 0.9520426287744228 0.84125 0.9551509769094139 0.839 0.9533747779751333 0.8375 0.958259325044405 0.83375 0.9622557726465365 0.83225 0.963587921847247 0.83275 0.9658081705150977 0.82825 0.9711367673179396 0.8285 0.977797513321492 0.83175 0.9764653641207816 0.8275 0.9817939609236235 0.82525 0.9809058614564832 0.8210000000000001 0.9844582593250445 0.8200000000000001 0.9875666074600356 0.82175 0.9893428063943162 0.8190000000000001 0.9964476021314388 0.8140000000000001 0.9875666074600356 0.81425 0.7566607460035524 0.8625 0.7508880994671403 0.86525 0.7486678507992895 0.86825 0.7477797513321492 0.87675 0.7495559502664298 0.88325
1 0.25843694493783304 0.6205 0.25843694493783304 0.624 0.26287744227353466 0.62625 0.2624333925399645 0.63075 0.26509769094138547 0.633 0.283303730017762 0.63375 0.2864120781527531 0.637 0.2895204262877442 0.6255000000000001 0.30506216696269983 0.61725 0.3108348134991119 0.61625 0.30728241563055064 0.61475 0.30239786856127887 0.61 0.3037300177619894 0.6055 0.2997335701598579 0.601 0.30150976909413857 0.5935 0.30417406749555953 0.59075 0.30728241563055064 0.59025 0.3086145648312611 0.586 0.30595026642984013 0.586 0.30417406749555953 0.5885 0.30017761989342806 0.589 0.2975133214920071 0.592 0.291740674955595 0.5942500000000001 0.29307282415630553 0.60375 0.2886323268206039 0.60775 0.2797513321492007 0.61075 0.27575488454706926 0.61 0.27397868561278865 0.6072500000000001 0.2699822380106572 0.60675 0.2690941385435169 0.60575 0.26953818827708703 0.6075 0.2673179396092362 0.60875 0.2633214920071048 0.609 0.261101243339254 0.619 0.25843694493783304 0.6205
1 0.2690941385435169 0.5715 0.272202486678508 0.57125 0.27575488454706926 0.57275 0.2766429840142096 0.57875 0.2735346358792185 0.5815 0.2793072824156306 0.5835 0.2864120781527531 0.584 0.2877442273534636 0.58325 0.30950266429840145 0.58525 0.3148312611012434 0.589 0.32149200710479575 0.5895 0.3232682060390764 0.58725 0.327708703374778 0.58766675 0.327708703374778 0.59375 0.32859680284191833 0.5845 0.3410301953818828 0.58075 0.34591474245115456 0.5750000000000001 0.3641207815275311 0.539 0.39120781527531084 0.494 0.3929840142095915 0.48775 0.39031971580817054 0.4855 0.38632326820603907 0.48575 0.3738898756660746 0.48225 0.3672291296625222 0.4825 0.36101243339253997 0.48 0.3552397868561279 0.481 0.3463587921847247 0.47575 0.34902309058614567 0.47025 0.34591474245115456 0.46950000000000003 0.33703374777975137 0.47025 0.33348134991119005 0.46925 0.33170515097690945 0.46775 0.33170515097690945 0.46275 0.32238010657193605 0.47500000000000003 0.31838365896980464 0.47575 0.3152753108348135 0.47900000000000004 0.28907637655417406 0.5225 0.2841918294849023 0.5335 0.2793072824156306 0.54025 0.27797513321492007 0.546 0.272202486678508 0.55325 0.26465364120781526 0.56825 0.2690941385435169 0.5715
0 0.13676731793960925 0.78075 0.14698046181172292 0.7827500000000001 0.15763765541740676 0.7837500000000001 0.2202486678507993 0.79425 0.227797513321492 0.7945 0.2313499111900533 0.793 0.24467140319715808 0.7685 0.26287744227353466 0.7222500000000001 0.2775310834813499 0.6940000000000001 0.3299289520426288 0.6022500000000001 0.33259325044404975 0.5952500000000001 0.34058614564831263 0.58525 0.3716696269982238 0.526 0.39120781527531084 0.494 0.39253996447602135 0.48925 0.411190053285968 0.46 0.4218472468916519 0.44675000000000004 0.4285079928952043 0.4345 0.4302841918294849 0.42775 0.4218472468916519 0.424 0.3521314387211368 0.41300000000000003 0.34902309058614567 0.41400000000000003 0.3450266429840142 0.4185 0.3383658969804618 0.42875 0.32371225577264656 0.46625 0.3210479573712256 0.46825 0.30950266429840145 0.4905 0.2899644760213144 0.52225 0.28907637655417406 0.52625 0.2664298401420959 0.56425 0.26465364120781526 0.57025 0.25843694493783304 0.57725 0.18117229129662524 0.711 0.17317939609236235 0.721 0.17140319715808172 0.72675 0.15097690941385436 0.75125 0.1349911190053286 0.777 0.13454706927175844 0.7795 0.13676731793960925 0.78075
0 0.4880106571936057 0.804 0.48978685612788636 0.8180000000000001 0.4933392539964476 0.8240000000000001 0.4911190053285968 0.82825 0.4946714031971581 0.84675 0.5128774422735346 0.99975 0.5990230905861457 0.99975 0.5994671403197158 0.9912500000000001 0.5972468916518651 0.983 0.5932504440497336 0.932 0.5799289520426288 0.8375 0.577708703374778 0.812625 0.5772646536412078 0.776 0.5732682060390764 0.75375 0.5714920071047958 0.7515000000000001 0.5634991119005329 0.751 0.48534635879218474 0.7545000000000001 0.48046181172291297 0.7555000000000001 0.4809058614564831 0.78 0.4880106571936057 0.804
0 0.16740674955595028 0.95975 0.18117229129662524 0.9735 0.1958259325044405 0.9852500000000001 0.20870337477797515 0.99975 0.31616341030195383 0.99975 0.313943161634103 0.9945 0.3099467140319716 0.9915 0.30550621669627 0.98475 0.28507992895204265 0.962 0.26598579040852577 0.93525 0.25355239786856126 0.9215 0.24511545293072826 0.915 0.2411190053285968 0.91525 0.1669626998223801 0.94025 0.15719360568383658 0.9425 0.1558614564831261 0.9440000000000001 0.15541740674955595 0.9460000000000001 0.16740674955595028 0.95975